0.0,0.0,0.0,0.16,0.0,0.0;0.85,0.04,-0.04,0.85,0.0,1.6;0.2,-0.26,0.23,0.22,0.0,1.6;-0.15,0.28,0.26,0.24,0.0,0.44
0.07322317,0.12515908,0.2140792,0.044409156,0.0,0.0;0.68372726,0.047184087,-0.28456864,0.60203314,0.0,1.6;0.43344283,-0.44896683,0.4552272,0.12962201,0.0,1.6;-0.31582105,0.46231008,0.11248687,0.45813227,0.0,0.44
-0.16788141,0.039603267,-0.055766772,0.11095341,0.0,0.0;0.6840804,0.25635582,-0.34789845,1.0641949,0.0,1.6;0.20760247,-0.07843353,0.34093902,0.18098758,0.0,1.6;-0.1829536,0.21955532,0.12860283,0.02045561,0.0,0.44
0.121395834,0.19920155,0.20571625,0.22703387,0.0,0.0;0.85585344,0.23402695,0.028302127,0.7037394,0.0,1.6;0.04117304,-0.5311458,0.37463692,0.35363725,0.0,1.6;0.039830334,0.18582913,0.49464735,0.061062798,0.0,0.44
-0.2601483,-0.29648158,-0.04170394,0.2899863,0.0,0.0;0.8749096,0.04866782,0.12486304,0.7434538,0.0,1.6;0.022832049,-0.081907034,0.034924585,0.43772686,0.0,1.6;-0.21430106,0.14740057,0.2476957,0.123128764,0.0,0.44
-0.14847374,0.123169646,-0.10551886,0.37630585,0.0,0.0;0.84799284,0.09288469,-0.117129765,0.7888048,0.0,1.6;0.23066337,-0.5068953,-0.0016198594,0.32506773,0.0,1.6;-0.44777808,0.34383023,0.18623911,0.46329665,0.0,0.44
0.1944072,0.16596313,-0.11565136,0.004108812,0.0,0.0;0.6991445,-0.14914493,0.057098847,0.841601,0.0,1.6;0.2561111,-0.12598807,0.3653095,0.116842024,0.0,1.6;-0.15189792,0.26678878,0.5219937,0.39190683,0.0,0.44
0.034456432,-0.15164009,0.13085572,0.10663459,0.0,0.0;0.9098851,0.1913465,-0.25874707,0.7255931,0.0,1.6;0.11552947,-0.2844633,0.4355885,0.33845842,0.0,1.6;-0.073838055,0.44533363,0.3166932,0.056628402,0.0,0.44
0.03579943,-0.14249207,0.12256378,0.09552772,0.0,0.0;0.81792516,0.20511861,-0.24958228,0.7482759,0.0,1.6;0.109369196,-0.34437907,0.57236326,0.42470843,0.0,1.6;-0.07685798,0.36148733,0.23898892,0.06040699,0.0,0.44
-0.017858095,0.095755324,0.23217174,0.26130942,0.0,0.0;0.75080216,0.17907794,-0.20982076,0.940468,0.0,1.6;0.12231235,-0.26287788,0.2273886,0.090739734,0.0,1.6;-0.15874167,0.43718746,0.36043787,0.20472379,0.0,0.44
0.031028748,-0.16139755,-0.18280977,-0.06549916,0.0,0.0;0.8611119,0.15822867,-0.24870685,0.886156,0.0,1.6;-0.034462765,-0.5005524,0.335926,0.39568368,0.0,1.6;-0.12817675,0.52211666,0.47896188,0.3298015,0.0,0.44
-0.21159515,-0.12909433,0.014671609,-0.01314466,0.0,0.0;0.6726133,0.14439878,-0.15840478,0.89447546,0.0,1.6;0.16125773,-0.50673014,0.38344324,0.3952149,0.0,1.6;-0.2756265,0.042632364,0.28077725,0.32351816,0.0,0.44
0.04923135,-0.15545043,0.07156268,0.25908035,0.0,0.0;0.87216425,0.100076295,-0.06513528,0.87773204,0.0,1.6;0.25903386,-0.4883824,0.2648921,-0.00206995,0.0,1.6;-0.010151923,0.21149564,0.23260918,0.0036385208,0.0,0.44
-0.006265849,-0.0041739345,0.11614728,-0.026178807,0.0,0.0;0.9131087,0.25033805,-0.27144867,0.9758967,0.0,1.6;0.067379996,-0.09756991,0.31026548,0.053230554,0.0,1.6;-0.055560797,0.5223866,0.3129588,0.2524565,0.0,0.44
-0.0064071915,-0.0052214633,0.13480976,-0.023494959,0.0,0.0;0.884532,0.2191425,-0.2507472,0.9561505,0.0,1.6;0.06794462,-0.1303743,0.23673965,0.041719794,0.0,1.6;-0.053986143,0.52551454,0.37172955,0.27521366,0.0,0.44
0.08132294,0.12809294,-0.16093716,0.02834338,0.0,0.0;0.96423733,0.025061913,-0.046497025,0.75229824,0.0,1.6;0.34545904,-0.36704615,0.34358782,0.40278742,0.0,1.6;-0.23824775,0.4011438,0.3660779,0.35046166,0.0,0.44
0.2218189,0.041837096,-0.11827099,0.2890673,0.0,0.0;0.74874556,0.2452732,-0.20076141,1.0596306,0.0,1.6;0.23578022,-0.33128834,0.3852678,0.034992218,0.0,1.6;-0.19110069,0.08495796,0.26476985,0.042316005,0.0,0.44
-0.120839596,-0.07960644,0.22617695,0.28243265,0.0,0.0;0.838393,0.1827122,-0.12202654,0.9433176,0.0,1.6;0.04166369,-0.38303456,0.28829396,0.35338816,0.0,1.6;0.04884523,0.48831674,0.10070318,0.19836874,0.0,0.44
-0.11737788,-0.08301248,0.25403547,0.33792147,0.0,0.0;0.8735147,0.1472022,-0.14229278,0.84126794,0.0,1.6;0.038726065,-0.4528376,0.280419,0.35772067,0.0,1.6;0.037295252,0.5853841,0.08681376,0.18470478,0.0,0.44
0.21743393,-0.05107826,-0.0573906,0.2240248,0.0,0.0;0.8642572,0.15102962,-0.08530409,0.96657217,0.0,1.6;0.2386017,-0.37301558,0.26440388,0.45796716,0.0,1.6;0.07388279,0.069374084,0.027776599,0.4160387,0.0,0.44
0.27443796,-0.031722065,-0.07768709,0.28838134,0.0,0.0;0.8646821,0.123854205,-0.0738442,0.88996404,0.0,1.6;0.21946721,-0.3149382,0.32400134,0.45862305,0.0,1.6;0.076313324,0.0669346,0.026665667,0.4868448,0.0,0.44
0.009609014,-0.21852228,0.06500244,0.08415303,0.0,0.0;0.69298935,0.26187322,-0.2138955,1.0286062,0.0,1.6;-0.049706265,-0.46563327,0.18518843,0.2653966,0.0,1.6;-0.20234948,0.28696594,0.34285712,0.2600574,0.0,0.44
0.009538902,-0.2330271,0.05775633,0.07235961,0.0,0.0;0.72817796,0.22943398,-0.22861318,0.96198004,0.0,1.6;-0.048344072,-0.4295445,0.17239153,0.3321697,0.0,1.6;-0.22333403,0.33439082,0.33618677,0.22908753,0.0,0.44
0.09550351,-0.11383346,-0.22370744,-0.04321134,0.0,0.0;0.68290603,-0.19723555,0.17819923,0.89299405,0.0,1.6;0.39179933,-0.4288661,0.07078026,0.09397489,0.0,1.6;-0.3577277,0.27948162,0.017937094,0.28557295,0.0,0.44
-0.08643467,-0.036855318,-0.027039822,0.31263673,0.0,0.0;0.888866,0.13154589,0.012913793,0.8853173,0.0,1.6;0.4810992,-0.2580864,0.08333078,0.28614655,0.0,1.6;-0.048065953,0.09733814,0.27663586,-0.0025732208,0.0,0.44
-0.079145074,-0.014784753,0.21718836,0.2680713,0.0,0.0;1.0981424,0.16581368,0.035996042,0.71287775,0.0,1.6;0.05581139,-0.44267774,0.049510255,0.042544782,0.0,1.6;-0.39526996,0.42198652,0.23160687,0.3884459,0.0,0.44
0.09424961,-0.11021753,0.08762613,-0.04303551,0.0,0.0;0.8246446,0.15841642,-0.07886548,0.8963767,0.0,1.6;0.31521815,-0.3288387,-0.00952509,0.48195347,0.0,1.6;-0.341814,0.17825992,0.34629294,0.46227917,0.0,0.44
-0.14928773,0.152415,0.030142874,0.09316823,0.0,0.0;0.66743195,0.095244266,0.1360229,0.9279145,0.0,1.6;0.09360699,-0.42201224,0.3937655,0.2843128,0.0,1.6;-0.31828824,0.03197846,0.44481975,0.100253955,0.0,0.44
-0.16140002,0.06973882,-0.19386119,0.22285835,0.0,0.0;0.95425093,0.042919938,0.2093094,0.82192177,0.0,1.6;0.03417201,-0.37387362,0.047175564,0.19174647,0.0,1.6;-0.034360047,0.4040893,0.4836208,0.08605656,0.0,0.44
0.054640412,-0.20264378,0.015187621,0.4046686,0.0,0.0;0.7435099,-0.1968565,0.19767734,0.8364929,0.0,1.6;0.3566519,-0.30533388,0.16592781,0.3659583,0.0,1.6;-0.27532429,0.34681395,0.2807889,0.44570607,0.0,0.44
-0.21742211,-0.034062862,-0.16905184,0.13038708,0.0,0.0;0.61901355,0.16449125,-0.12581013,0.8919194,0.0,1.6;0.42465276,-0.45939463,0.25876206,0.09310055,0.0,1.6;-0.19711915,0.2048584,0.034747083,0.09224991,0.0,0.44
-0.20227627,-0.031159261,-0.18143289,0.12910725,0.0,0.0;0.6807001,0.16457897,-0.12324386,0.9590571,0.0,1.6;0.3859979,-0.4215684,0.2741473,0.09653563,0.0,1.6;-0.21212271,0.20701271,0.03145374,0.10105504,0.0,0.44
-0.19917074,-0.03676104,-0.22390515,0.12680049,0.0,0.0;0.6705094,0.16475749,-0.11622371,0.81018496,0.0,1.6;0.38253626,-0.40715197,0.31046674,0.08867715,0.0,1.6;-0.22227289,0.19703585,0.030304538,0.09690207,0.0,0.44
-0.11540967,-0.10854086,0.19470695,-0.010944486,0.0,0.0;0.9689982,0.22721797,0.1484412,1.022551,0.0,1.6;-0.03750114,-0.2748303,0.19278161,0.12203151,0.0,1.6;-0.29666936,0.14489311,0.12414831,0.022615537,0.0,0.44
0.040130343,0.075991176,0.15723394,0.35094747,0.0,0.0;0.91053784,0.14653665,-0.11577058,0.88166344,0.0,1.6;0.21826582,-0.1896951,0.13876948,0.022441352,0.0,1.6;-0.20993547,0.18358116,0.030966002,0.43121102,0.0,0.44
0.041647363,0.07678995,0.17147821,0.35794583,0.0,0.0;0.90705943,0.15024841,-0.12413393,0.9615249,0.0,1.6;0.20913719,-0.18635146,0.13938402,0.022792615,0.0,1.6;-0.2297753,0.17813197,0.03121722,0.4012957,0.0,0.44
-0.13472891,0.16130137,-0.12312305,0.34233546,0.0,0.0;0.9900267,0.09360922,-0.028947003,0.7433759,0.0,1.6;-0.038560346,-0.36009467,0.4387356,0.021258026,0.0,1.6;-0.06091842,0.196129,0.036210924,0.41490608,0.0,0.44
0.1296421,0.16866177,0.16644162,0.30747274,0.0,0.0;0.98751664,0.27245137,-0.17874253,0.9486859,0.0,1.6;0.05025904,-0.092998385,0.010132745,0.35799593,0.0,1.6;-0.1345711,0.20728615,0.08885908,0.14046358,0.0,0.44
0.17418712,-0.1088216,-0.23582298,-0.06932333,0.0,0.0;0.96753734,0.063107975,-0.07621301,0.9958049,0.0,1.6;0.24726401,-0.028989047,0.24344079,-0.0011079907,0.0,1.6;-0.23909816,0.36448425,0.016036421,0.23681499,0.0,0.44
0.07949725,-0.10989037,-0.13727152,0.39469746,0.0,0.0;1.053176,-0.13833433,0.16008916,0.6558386,0.0,1.6;0.058114484,-0.23543137,0.37099606,0.046639472,0.0,1.6;-0.07796341,0.506948,0.36293656,0.09787308,0.0,0.44
0.14046168,-0.15352967,-0.20750254,0.25394627,0.0,0.0;0.79796445,0.234707,-0.24805215,1.0652943,0.0,1.6;0.08912571,-0.3120595,0.32206786,-0.00877437,0.0,1.6;-0.19549122,0.13070595,0.2006174,0.28248906,0.0,0.44
0.037663326,-0.126793,-0.088840015,0.107713975,0.0,0.0;0.95902085,-0.22972174,-0.0017415932,0.95788723,0.0,1.6;-0.018510254,-0.009192273,0.32584,0.33518803,0.0,1.6;-0.010315439,0.29436263,0.17856263,0.38355955,0.0,0.44
0.13265646,-0.003560692,-0.091208786,-0.06136158,0.0,0.0;1.0330813,-0.05555754,0.1259037,0.8845339,0.0,1.6;0.011626974,-0.40196213,0.10563888,0.085832536,0.0,1.6;-0.03398761,0.4627831,0.03755918,0.0057361275,0.0,0.44
-0.19120905,-0.19563031,-0.03781703,0.117414474,0.0,0.0;0.9563669,0.124955006,-0.22952038,0.998688,0.0,1.6;0.33532983,-0.041306317,0.2039984,-0.017871737,0.0,1.6;-0.18585739,0.18581322,0.057332456,0.0017192513,0.0,0.44
-0.23184678,-0.15998632,-0.15062997,0.25058112,0.0,0.0;0.7109678,0.086568065,0.0280466,0.787669,0.0,1.6;0.44220793,-0.21567708,0.045507804,-0.018197745,0.0,1.6;-0.23164687,0.04436034,0.45861506,0.14788355,0.0,0.44
-0.12128729,0.14409393,0.09817142,0.04556414,0.0,0.0;0.95335495,-0.15053016,0.113255344,0.89784825,0.0,1.6;-7.038712E-4,-0.28164458,0.10201458,0.38202772,0.0,1.6;-0.28611547,0.3404705,0.22116514,0.20623638,0.0,0.44
-0.06553628,0.07813571,-0.24027933,0.28646013,0.0,0.0;0.9255368,0.082849264,-0.24544601,0.96898824,0.0,1.6;0.052436855,-0.31290087,0.28371918,0.19626953,0.0,1.6;0.021457039,0.08950043,0.29883116,0.36549777,0.0,0.44
-0.06341034,0.0738128,-0.25160533,0.2917227,0.0,0.0;0.9357629,0.08835764,-0.2612584,0.9317885,0.0,1.6;0.048574537,-0.3173612,0.25763172,0.19318251,0.0,1.6;0.020091992,0.09768494,0.27557343,0.3658458,0.0,0.44
0.09519103,-0.08733982,0.13539907,0.0145713985,-0.116719306,0.09031704;0.8045799,0.008780874,-0.26828924,0.8795552,0.17221746,1.8444508;0.070314005,-0.4747246,0.14001335,0.3413316,0.1419248,1.8117568;0.01596564,0.3016147,0.45737833,0.30800486,-0.025206804,0.65857553
